{
  "asset": {
    "version": "2.0",
    "generator": "THREE.GLTFExporter"
  },
  "scenes": [
    {
      "name": "Scene",
      "nodes": [
        1,
        2,
        3,
        201
      ],
      "extras": "NonEditable"
    }
  ],
  "scene": 0,
  "nodes": [
    {
      "matrix": [
        1,
        0,
        0,
        0,
        0,
        1,
        0,
        0,
        0,
        0,
        1,
        0,
        154.830143482464,
        1782.065002441406,
        -546.6980018615723,
        1
      ],
      "name": "SunLight",
      "extensions": {
        "KHR_lights_punctual": {
          "light": 0
        }
      }
    },
    {
      "name": "Environment",
      "extras": "NonEditable",
      "children": [
        0
      ]
    },
    {
      "name": "AmbientLight"
    },
    {
      "matrix": [
        1,
        0,
        0,
        0,
        0,
        1,
        0,
        0,
        0,
        0,
        1,
        0,
        694.5069444473522,
        974.9140753875025,
        2947.4271300767687,
        1
      ],
      "name": "CameraLight",
      "extensions": {
        "KHR_lights_punctual": {
          "light": 1
        }
      }
    },
    {
      "name": "/bodyset/pelvis/pelvis_geom_1",
      "extras": "NonEditable",
      "mesh": 0
    },
    {
      "name": "/bodyset/pelvis/pelvis_geom_2",
      "extras": "NonEditable",
      "mesh": 1
    },
    {
      "name": "/bodyset/pelvis/pelvis_geom_3",
      "extras": "NonEditable",
      "mesh": 2
    },
    {
      "matrix": [
        1,
        0,
        0,
        0,
        0,
        1,
        0,
        0,
        0,
        0,
        1,
        0,
        -125.96,
        -102.57,
        69.44,
        1
      ],
      "name": "bifemlh_r-P1",
      "mesh": 3
    },
    {
      "matrix": [
        1,
        0,
        0,
        0,
        0,
        1,
        0,
        0,
        0,
        0,
        1,
        0,
        -134.9,
        17.6,
        56.300000000000004,
        1
      ],
      "name": "glut_max_r-P1",
      "mesh": 4
    },
    {
      "matrix": [
        1,
        0,
        0,
        0,
        0,
        1,
        0,
        0,
        0,
        0,
        1,
        0,
        -137.6,
        -52,
        91.39999999999999,
        1
      ],
      "name": "glut_max_r-P2",
      "mesh": 4
    },
    {
      "matrix": [
        1,
        0,
        0,
        0,
        0,
        1,
        0,
        0,
        0,
        0,
        1,
        0,
        -64.69999999999999,
        88.7,
        28.9,
        1
      ],
      "name": "psoas_r-P1",
      "mesh": 5
    },
    {
      "matrix": [
        1,
        0,
        0,
        0,
        0,
        1,
        0,
        0,
        0,
        0,
        1,
        0,
        -23.8,
        -57,
        75.89999999999999,
        1
      ],
      "name": "psoas_r-P2",
      "mesh": 5
    },
    {
      "matrix": [
        1,
        0,
        0,
        0,
        0,
        1,
        0,
        0,
        0,
        0,
        1,
        0,
        -28.8,
        -80.5,
        81.60000000000001,
        1
      ],
      "name": "psoas_r-P3",
      "mesh": 5
    },
    {
      "matrix": [
        1,
        0,
        0,
        0,
        0,
        1,
        0,
        0,
        0,
        0,
        1,
        0,
        -29.5,
        -31.099999999999998,
        96.8,
        1
      ],
      "name": "rect_fem_r-P1",
      "mesh": 6
    },
    {
      "matrix": [
        1,
        0,
        0,
        0,
        0,
        1,
        0,
        0,
        0,
        0,
        1,
        0,
        -125.96,
        -102.57,
        -69.44,
        1
      ],
      "name": "bifemlh_l-P1",
      "mesh": 7
    },
    {
      "matrix": [
        1,
        0,
        0,
        0,
        0,
        1,
        0,
        0,
        0,
        0,
        1,
        0,
        -134.9,
        17.6,
        -56.300000000000004,
        1
      ],
      "name": "glut_max_l-P1",
      "mesh": 8
    },
    {
      "matrix": [
        1,
        0,
        0,
        0,
        0,
        1,
        0,
        0,
        0,
        0,
        1,
        0,
        -137.6,
        -52,
        -91.39999999999999,
        1
      ],
      "name": "glut_max_l-P2",
      "mesh": 8
    },
    {
      "matrix": [
        1,
        0,
        0,
        0,
        0,
        1,
        0,
        0,
        0,
        0,
        1,
        0,
        -64.69999999999999,
        88.7,
        -28.9,
        1
      ],
      "name": "psoas_l-P1",
      "mesh": 9
    },
    {
      "matrix": [
        1,
        0,
        0,
        0,
        0,
        1,
        0,
        0,
        0,
        0,
        1,
        0,
        -23.8,
        -57,
        -75.89999999999999,
        1
      ],
      "name": "psoas_l-P2",
      "mesh": 9
    },
    {
      "matrix": [
        1,
        0,
        0,
        0,
        0,
        1,
        0,
        0,
        0,
        0,
        1,
        0,
        -28.8,
        -80.5,
        -81.60000000000001,
        1
      ],
      "name": "psoas_l-P3",
      "mesh": 9
    },
    {
      "matrix": [
        1,
        0,
        0,
        0,
        0,
        1,
        0,
        0,
        0,
        0,
        1,
        0,
        -29.5,
        -31.099999999999998,
        -96.8,
        1
      ],
      "name": "rect_fem_l-P1",
      "mesh": 10
    },
    {
      "matrix": [
        0.9906000266827588,
        0.13679030351643154,
        0,
        0,
        -0.13679030351643154,
        0.9906000266827588,
        0,
        0,
        0,
        0,
        1,
        0,
        597.83969,
        1013.2927000000001,
        0,
        1
      ],
      "name": "/bodyset/pelvis",
      "extras": "NonEditable",
      "children": [
        4,
        5,
        6,
        7,
        8,
        9,
        10,
        11,
        12,
        13,
        14,
        15,
        16,
        17,
        18,
        19,
        20
      ]
    },
    {
      "name": "/bodyset/femur_r/femur_r_geom_1",
      "extras": "NonEditable",
      "mesh": 11
    },
    {
      "matrix": [
        1,
        0,
        0,
        0,
        0,
        1,
        0,
        0,
        0,
        0,
        1,
        0,
        5,
        -211.10000000000002,
        23.400000000000002,
        1
      ],
      "name": "bifemsh_r-P1",
      "mesh": 12
    },
    {
      "matrix": [
        1,
        0,
        0,
        0,
        0,
        1,
        0,
        0,
        0,
        0,
        1,
        0,
        -42.6,
        -53,
        29.3,
        1
      ],
      "name": "glut_max_r-P3",
      "mesh": 4
    },
    {
      "matrix": [
        1,
        0,
        0,
        0,
        0,
        1,
        0,
        0,
        0,
        0,
        1,
        0,
        -15.6,
        -101.6,
        41.9,
        1
      ],
      "name": "glut_max_r-P4",
      "mesh": 4
    },
    {
      "matrix": [
        1,
        0,
        0,
        0,
        0,
        1,
        0,
        0,
        0,
        0,
        1,
        0,
        1.6,
        -50.7,
        3.8,
        1
      ],
      "name": "psoas_r-P4",
      "mesh": 5
    },
    {
      "matrix": [
        1,
        0,
        0,
        0,
        0,
        1,
        0,
        0,
        0,
        0,
        1,
        0,
        -18.8,
        -59.7,
        10.4,
        1
      ],
      "name": "psoas_r-P5",
      "mesh": 5
    },
    {
      "matrix": [
        1,
        0,
        0,
        0,
        0,
        1,
        0,
        0,
        0,
        0,
        1,
        0,
        48.46936362688136,
        20.141968435265145,
        13.180999999999994,
        1
      ],
      "name": "rect_fem_r-P2",
      "mesh": 6
    },
    {
      "matrix": [
        1,
        0,
        0,
        0,
        0,
        1,
        0,
        0,
        0,
        0,
        1,
        0,
        29,
        -192.39999999999998,
        31,
        1
      ],
      "name": "vas_int_r-P1",
      "mesh": 13
    },
    {
      "matrix": [
        1,
        0,
        0,
        0,
        0,
        1,
        0,
        0,
        0,
        0,
        1,
        0,
        33.5,
        -208.4,
        28.5,
        1
      ],
      "name": "vas_int_r-P2",
      "mesh": 13
    },
    {
      "matrix": [
        1,
        0,
        0,
        0,
        0,
        1,
        0,
        0,
        0,
        0,
        1,
        0,
        33.67782475808557,
        -210.0154515550145,
        28.233,
        1
      ],
      "name": "vas_int_r-P3",
      "mesh": 13
    },
    {
      "matrix": [
        1,
        0,
        0,
        0,
        0,
        1,
        0,
        0,
        0,
        0,
        1,
        0,
        -19,
        -392.90000000000003,
        -23.5,
        1
      ],
      "name": "med_gas_r-P1",
      "mesh": 14
    },
    {
      "matrix": [
        1,
        0,
        0,
        0,
        0,
        1,
        0,
        0,
        0,
        0,
        1,
        0,
        -30,
        -402.2,
        -25.8,
        1
      ],
      "name": "med_gas_r-P2",
      "mesh": 14
    },
    {
      "matrix": [
        0.9291000034768799,
        0.3698285866982994,
        0,
        0,
        -0.3698285866982994,
        0.9291000034768799,
        0,
        0,
        0,
        0,
        1,
        0,
        536.8461071759651,
        938.1429637776579,
        83.5,
        1
      ],
      "name": "/bodyset/femur_r",
      "extras": "NonEditable",
      "children": [
        22,
        23,
        24,
        25,
        26,
        27,
        28,
        29,
        30,
        31,
        32,
        33
      ]
    },
    {
      "name": "/bodyset/tibia_r/tibia_r_geom_1",
      "extras": "NonEditable",
      "mesh": 15
    },
    {
      "name": "/bodyset/tibia_r/tibia_r_geom_2",
      "extras": "NonEditable",
      "mesh": 16
    },
    {
      "matrix": [
        1,
        0,
        0,
        0,
        0,
        1,
        0,
        0,
        0,
        0,
        1,
        0,
        -30.099999999999998,
        -36,
        29.43,
        1
      ],
      "name": "bifemlh_r-P2",
      "mesh": 3
    },
    {
      "matrix": [
        1,
        0,
        0,
        0,
        0,
        1,
        0,
        0,
        0,
        0,
        1,
        0,
        -23.400000000000002,
        -56.300000000000004,
        34.3,
        1
      ],
      "name": "bifemlh_r-P3",
      "mesh": 3
    },
    {
      "matrix": [
        1,
        0,
        0,
        0,
        0,
        1,
        0,
        0,
        0,
        0,
        1,
        0,
        -30.099999999999998,
        -36,
        29.43,
        1
      ],
      "name": "bifemsh_r-P2",
      "mesh": 12
    },
    {
      "matrix": [
        1,
        0,
        0,
        0,
        0,
        1,
        0,
        0,
        0,
        0,
        1,
        0,
        -23.400000000000002,
        -56.300000000000004,
        34.3,
        1
      ],
      "name": "bifemsh_r-P3",
      "mesh": 12
    },
    {
      "matrix": [
        1,
        0,
        0,
        0,
        0,
        1,
        0,
        0,
        0,
        0,
        1,
        0,
        62.3651738240757,
        20.80986728595848,
        1.4,
        1
      ],
      "name": "rect_fem_r-P3",
      "mesh": 17
    },
    {
      "matrix": [
        1,
        0,
        0,
        0,
        0,
        1,
        0,
        0,
        0,
        0,
        1,
        0,
        56.130332292485804,
        25.203644578032264,
        1.8,
        1
      ],
      "name": "vas_int_r-P4",
      "mesh": 18
    },
    {
      "matrix": [
        1,
        0,
        0,
        0,
        0,
        1,
        0,
        0,
        0,
        0,
        1,
        0,
        -2.4,
        -153.29999999999998,
        7.1000000000000005,
        1
      ],
      "name": "soleus_r-P1",
      "mesh": 19
    },
    {
      "matrix": [
        1,
        0,
        0,
        0,
        0,
        1,
        0,
        0,
        0,
        0,
        1,
        0,
        17.9,
        -162.39999999999998,
        11.5,
        1
      ],
      "name": "tib_ant_r-P1",
      "mesh": 20
    },
    {
      "matrix": [
        1,
        0,
        0,
        0,
        0,
        1,
        0,
        0,
        0,
        0,
        1,
        0,
        32.9,
        -395.1,
        -17.7,
        1
      ],
      "name": "tib_ant_r-P2",
      "mesh": 20
    },
    {
      "matrix": [
        0.9248944219178611,
        0.38022402384019,
        0,
        0,
        -0.38022402384019,
        0.9248944219178611,
        0,
        0,
        0,
        0,
        1,
        0,
        678.9773495621663,
        568.7398329797102,
        83.5,
        1
      ],
      "name": "/bodyset/tibia_r",
      "extras": "NonEditable",
      "children": [
        35,
        36,
        37,
        38,
        39,
        40,
        41,
        42,
        43,
        44,
        45
      ]
    },
    {
      "name": "/bodyset/talus_r/talus_r_geom_1",
      "extras": "NonEditable",
      "mesh": 21
    },
    {
      "matrix": [
        0.9315621385863574,
        0.3635821529619024,
        0,
        0,
        -0.3635821529619024,
        0.9315621385863574,
        0,
        0,
        0,
        0,
        1,
        0,
        842.473679813448,
        171.03523155502992,
        83.5,
        1
      ],
      "name": "/bodyset/talus_r",
      "extras": "NonEditable",
      "children": [
        47
      ]
    },
    {
      "name": "/bodyset/calcn_r/calcn_r_geom_1",
      "extras": "NonEditable",
      "mesh": 22
    },
    {
      "matrix": [
        1,
        0,
        0,
        0,
        0,
        1,
        0,
        0,
        0,
        0,
        1,
        0,
        0,
        31,
        -5.3,
        1
      ],
      "name": "med_gas_r-P3",
      "mesh": 14
    },
    {
      "matrix": [
        1,
        0,
        0,
        0,
        0,
        1,
        0,
        0,
        0,
        0,
        1,
        0,
        0,
        31,
        -5.3,
        1
      ],
      "name": "soleus_r-P2",
      "mesh": 19
    },
    {
      "matrix": [
        1,
        0,
        0,
        0,
        0,
        1,
        0,
        0,
        0,
        0,
        1,
        0,
        116.6,
        17.8,
        -30.5,
        1
      ],
      "name": "tib_ant_r-P3",
      "mesh": 20
    },
    {
      "matrix": [
        0.9315621385863574,
        0.3635821529619024,
        0,
        0,
        -0.3635821529619024,
        0.9315621385863574,
        0,
        0,
        0,
        0,
        1,
        0,
        812.2936656313432,
        114.22429824138025,
        91.42,
        1
      ],
      "name": "/bodyset/calcn_r",
      "extras": "NonEditable",
      "children": [
        49,
        50,
        51,
        52
      ]
    },
    {
      "name": "/bodyset/toes_r/toes_r_geom_1",
      "extras": "NonEditable",
      "mesh": 23
    },
    {
      "matrix": [
        0.9315621385863574,
        0.3635821529619024,
        0,
        0,
        -0.3635821529619024,
        0.9315621385863574,
        0,
        0,
        0,
        0,
        1,
        0,
        979.5841403165077,
        177.36966291379568,
        92.5,
        1
      ],
      "name": "/bodyset/toes_r",
      "extras": "NonEditable",
      "children": [
        54
      ]
    },
    {
      "name": "/bodyset/femur_l/femur_l_geom_1",
      "extras": "NonEditable",
      "mesh": 24
    },
    {
      "matrix": [
        1,
        0,
        0,
        0,
        0,
        1,
        0,
        0,
        0,
        0,
        1,
        0,
        5,
        -211.10000000000002,
        -23.400000000000002,
        1
      ],
      "name": "bifemsh_l-P1",
      "mesh": 25
    },
    {
      "matrix": [
        1,
        0,
        0,
        0,
        0,
        1,
        0,
        0,
        0,
        0,
        1,
        0,
        -42.6,
        -53,
        -29.3,
        1
      ],
      "name": "glut_max_l-P3",
      "mesh": 8
    },
    {
      "matrix": [
        1,
        0,
        0,
        0,
        0,
        1,
        0,
        0,
        0,
        0,
        1,
        0,
        -15.6,
        -101.6,
        -41.9,
        1
      ],
      "name": "glut_max_l-P4",
      "mesh": 8
    },
    {
      "matrix": [
        1,
        0,
        0,
        0,
        0,
        1,
        0,
        0,
        0,
        0,
        1,
        0,
        1.6,
        -50.7,
        -3.8,
        1
      ],
      "name": "psoas_l-P4",
      "mesh": 9
    },
    {
      "matrix": [
        1,
        0,
        0,
        0,
        0,
        1,
        0,
        0,
        0,
        0,
        1,
        0,
        -18.8,
        -59.7,
        -10.4,
        1
      ],
      "name": "psoas_l-P5",
      "mesh": 9
    },
    {
      "matrix": [
        1,
        0,
        0,
        0,
        0,
        1,
        0,
        0,
        0,
        0,
        1,
        0,
        19.84944615391056,
        46.18652447667357,
        -13.180999999999994,
        1
      ],
      "name": "rect_fem_l-P2",
      "mesh": 10
    },
    {
      "matrix": [
        1,
        0,
        0,
        0,
        0,
        1,
        0,
        0,
        0,
        0,
        1,
        0,
        29,
        -192.39999999999998,
        -31,
        1
      ],
      "name": "vas_int_l-P1",
      "mesh": 26
    },
    {
      "matrix": [
        1,
        0,
        0,
        0,
        0,
        1,
        0,
        0,
        0,
        0,
        1,
        0,
        33.5,
        -208.4,
        -28.5,
        1
      ],
      "name": "vas_int_l-P2",
      "mesh": 26
    },
    {
      "matrix": [
        1,
        0,
        0,
        0,
        0,
        1,
        0,
        0,
        0,
        0,
        1,
        0,
        33.67841391366764,
        -210.014418988296,
        -28.233,
        1
      ],
      "name": "vas_int_l-P3",
      "mesh": 26
    },
    {
      "matrix": [
        1,
        0,
        0,
        0,
        0,
        1,
        0,
        0,
        0,
        0,
        1,
        0,
        -19,
        -392.90000000000003,
        23.5,
        1
      ],
      "name": "med_gas_l-P1",
      "mesh": 27
    },
    {
      "matrix": [
        1,
        0,
        0,
        0,
        0,
        1,
        0,
        0,
        0,
        0,
        1,
        0,
        -30,
        -402.2,
        25.8,
        1
      ],
      "name": "med_gas_l-P2",
      "mesh": 27
    },
    {
      "matrix": [
        0.9355553908581207,
        -0.35317999750312723,
        0,
        0,
        0.35317999750312723,
        0.9355553908581207,
        0,
        0,
        0,
        0,
        1,
        0,
        536.8461071759651,
        938.1429637776579,
        -83.5,
        1
      ],
      "name": "/bodyset/femur_l",
      "extras": "NonEditable",
      "children": [
        56,
        57,
        58,
        59,
        60,
        61,
        62,
        63,
        64,
        65,
        66,
        67
      ]
    },
    {
      "name": "/bodyset/tibia_l/tibia_l_geom_1",
      "extras": "NonEditable",
      "mesh": 28
    },
    {
      "name": "/bodyset/tibia_l/tibia_l_geom_2",
      "extras": "NonEditable",
      "mesh": 29
    },
    {
      "matrix": [
        1,
        0,
        0,
        0,
        0,
        1,
        0,
        0,
        0,
        0,
        1,
        0,
        -30.099999999999998,
        -36,
        -29.43,
        1
      ],
      "name": "bifemlh_l-P2",
      "mesh": 7
    },
    {
      "matrix": [
        1,
        0,
        0,
        0,
        0,
        1,
        0,
        0,
        0,
        0,
        1,
        0,
        -23.400000000000002,
        -56.300000000000004,
        -34.3,
        1
      ],
      "name": "bifemlh_l-P3",
      "mesh": 7
    },
    {
      "matrix": [
        1,
        0,
        0,
        0,
        0,
        1,
        0,
        0,
        0,
        0,
        1,
        0,
        -30.099999999999998,
        -36,
        -29.43,
        1
      ],
      "name": "bifemsh_l-P2",
      "mesh": 25
    },
    {
      "matrix": [
        1,
        0,
        0,
        0,
        0,
        1,
        0,
        0,
        0,
        0,
        1,
        0,
        -23.400000000000002,
        -56.300000000000004,
        -34.3,
        1
      ],
      "name": "bifemsh_l-P3",
      "mesh": 25
    },
    {
      "matrix": [
        1,
        0,
        0,
        0,
        0,
        1,
        0,
        0,
        0,
        0,
        1,
        0,
        62.47465382480227,
        20.777552462299987,
        -1.4,
        1
      ],
      "name": "rect_fem_l-P3",
      "mesh": 30
    },
    {
      "matrix": [
        1,
        0,
        0,
        0,
        0,
        1,
        0,
        0,
        0,
        0,
        1,
        0,
        56.25093374901905,
        25.1870411228003,
        -1.8,
        1
      ],
      "name": "vas_int_l-P4",
      "mesh": 31
    },
    {
      "matrix": [
        1,
        0,
        0,
        0,
        0,
        1,
        0,
        0,
        0,
        0,
        1,
        0,
        -2.4,
        -153.29999999999998,
        -7.1000000000000005,
        1
      ],
      "name": "soleus_l-P1",
      "mesh": 32
    },
    {
      "matrix": [
        1,
        0,
        0,
        0,
        0,
        1,
        0,
        0,
        0,
        0,
        1,
        0,
        17.9,
        -162.39999999999998,
        -11.5,
        1
      ],
      "name": "tib_ant_l-P1",
      "mesh": 33
    },
    {
      "matrix": [
        1,
        0,
        0,
        0,
        0,
        1,
        0,
        0,
        0,
        0,
        1,
        0,
        32.9,
        -395.1,
        17.7,
        1
      ],
      "name": "tib_ant_l-P2",
      "mesh": 33
    },
    {
      "matrix": [
        0.9401339310099559,
        -0.340805210881183,
        0,
        0,
        0.340805210881183,
        0.9401339310099559,
        0,
        0,
        0,
        0,
        1,
        0,
        392.79077540833174,
        569.4940484450069,
        -83.5,
        1
      ],
      "name": "/bodyset/tibia_l",
      "extras": "NonEditable",
      "children": [
        69,
        70,
        71,
        72,
        73,
        74,
        75,
        76,
        77,
        78,
        79
      ]
    },
    {
      "name": "/bodyset/talus_l/talus_l_geom_1",
      "extras": "NonEditable",
      "mesh": 34
    },
    {
      "matrix": [
        0.9809418375458153,
        -0.19430159894411425,
        0,
        0,
        0.19430159894411425,
        0.9809418375458153,
        0,
        0,
        0,
        0,
        1,
        0,
        246.24453472942307,
        165.2364581107259,
        -83.5,
        1
      ],
      "name": "/bodyset/talus_l",
      "extras": "NonEditable",
      "children": [
        81
      ]
    },
    {
      "name": "/bodyset/calcn_l/calcn_l_geom_1",
      "extras": "NonEditable",
      "mesh": 35
    },
    {
      "matrix": [
        1,
        0,
        0,
        0,
        0,
        1,
        0,
        0,
        0,
        0,
        1,
        0,
        0,
        31,
        5.3,
        1
      ],
      "name": "med_gas_l-P3",
      "mesh": 27
    },
    {
      "matrix": [
        1,
        0,
        0,
        0,
        0,
        1,
        0,
        0,
        0,
        0,
        1,
        0,
        0,
        31,
        5.3,
        1
      ],
      "name": "soleus_l-P2",
      "mesh": 32
    },
    {
      "matrix": [
        1,
        0,
        0,
        0,
        0,
        1,
        0,
        0,
        0,
        0,
        1,
        0,
        116.6,
        17.8,
        30.5,
        1
      ],
      "name": "tib_ant_l-P3",
      "mesh": 33
    },
    {
      "matrix": [
        0.9809418375458153,
        -0.19430159894411425,
        0,
        0,
        0.19430159894411425,
        0.9809418375458153,
        0,
        0,
        0,
        0,
        1,
        0,
        190.25304923660806,
        133.5620370061834,
        -91.42,
        1
      ],
      "name": "/bodyset/calcn_l",
      "extras": "NonEditable",
      "children": [
        83,
        84,
        85,
        86
      ]
    },
    {
      "name": "/bodyset/toes_l/toes_l_geom_1",
      "extras": "NonEditable",
      "mesh": 36
    },
    {
      "matrix": [
        0.9809418375458153,
        -0.19430159894411425,
        0,
        0,
        0.19430159894411425,
        0.9809418375458153,
        0,
        0,
        0,
        0,
        1,
        0,
        365.2568465919116,
        96.85902743988414,
        -92.5,
        1
      ],
      "name": "/bodyset/toes_l",
      "extras": "NonEditable",
      "children": [
        88
      ]
    },
    {
      "name": "/bodyset/torso/torso_geom_1",
      "extras": "NonEditable",
      "mesh": 37
    },
    {
      "name": "/bodyset/torso/torso_geom_2",
      "extras": "NonEditable",
      "mesh": 38
    },
    {
      "name": "/bodyset/torso/torso_geom_3",
      "extras": "NonEditable",
      "mesh": 39
    },
    {
      "name": "/bodyset/torso/torso_geom_4",
      "extras": "NonEditable",
      "mesh": 40
    },
    {
      "matrix": [
        0.959279300670285,
        -0.2824592418483223,
        0,
        0,
        0.2824592418483223,
        0.959279300670285,
        0,
        0,
        0,
        0,
        1,
        0,
        486.937857576457,
        1080.2518186105403,
        0,
        1
      ],
      "name": "/bodyset/torso",
      "extras": "NonEditable",
      "children": [
        90,
        91,
        92,
        93
      ]
    },
    {
      "matrix": [
        0.9024397098411753,
        0.4301542459298085,
        -0.023872469715830243,
        0,
        -0.4301542459298085,
        0.8965982469938891,
        -0.10525639266117215,
        0,
        -0.023872469715830243,
        0.10525639266117215,
        0.9941585371527139,
        0,
        487.09429207072014,
        894.4567486322198,
        69.44,
        1
      ],
      "extras": "NonEditable"
    },
    {
      "matrix": [
        0.9024397098411753,
        0.4301542459298085,
        -0.023872469715830243,
        0,
        -0.4301542459298085,
        0.8965982469938891,
        -0.10525639266117215,
        0,
        -0.023872469715830243,
        0.10525639266117215,
        0.9941585371527139,
        0,
        664.8260923206856,
        523.9988906730774,
        112.93,
        1
      ],
      "extras": "NonEditable"
    },
    {
      "matrix": [
        0.7685126748240778,
        0.6346849075042222,
        -0.0810144235374062,
        0,
        -0.6346849075042222,
        0.7401597755190712,
        -0.2221228824095237,
        0,
        -0.0810144235374062,
        0.2221228824095237,
        0.9716471006949934,
        0,
        664.8260923206856,
        523.9988906730774,
        112.93,
        1
      ],
      "extras": "NonEditable"
    },
    {
      "matrix": [
        0.7685126748240778,
        0.6346849075042222,
        -0.0810144235374062,
        0,
        -0.6346849075042222,
        0.7401597755190712,
        -0.2221228824095237,
        0,
        -0.0810144235374062,
        0.2221228824095237,
        0.9716471006949934,
        0,
        678.7414326314911,
        507.77103486787416,
        117.8,
        1
      ],
      "extras": "NonEditable"
    },
    {
      "name": "/forceset/hamstrings_r/geometrypath",
      "extras": "NonEditable",
      "mesh": 41,
      "children": [
        95,
        96,
        97,
        98
      ],
      "skin": 0
    },
    {
      "matrix": [
        0.9794696582809809,
        0.2015730836738256,
        -0.0027350402489601943,
        0,
        -0.2015730836738256,
        0.9791052978009748,
        -0.026853449616194423,
        0,
        -0.0027350402489601943,
        0.026853449616194423,
        0.9996356395199938,
        0,
        619.5624218453605,
        743.85909597718,
        106.9,
        1
      ],
      "extras": "NonEditable"
    },
    {
      "matrix": [
        0.9794696582809809,
        0.2015730836738256,
        -0.0027350402489601943,
        0,
        -0.2015730836738256,
        0.9791052978009748,
        -0.026853449616194423,
        0,
        -0.0027350402489601943,
        0.026853449616194423,
        0.9996356395199938,
        0,
        664.8260923206856,
        523.9988906730774,
        112.93,
        1
      ],
      "extras": "NonEditable"
    },
    {
      "matrix": [
        0.7685126748240778,
        0.6346849075042222,
        -0.0810144235374062,
        0,
        -0.6346849075042222,
        0.7401597755190712,
        -0.2221228824095237,
        0,
        -0.0810144235374062,
        0.2221228824095237,
        0.9716471006949934,
        0,
        664.8260923206856,
        523.9988906730774,
        112.93,
        1
      ],
      "extras": "NonEditable"
    },
    {
      "matrix": [
        0.7685126748240778,
        0.6346849075042222,
        -0.0810144235374062,
        0,
        -0.6346849075042222,
        0.7401597755190712,
        -0.2221228824095237,
        0,
        -0.0810144235374062,
        0.2221228824095237,
        0.9716471006949934,
        0,
        678.7414326314911,
        507.77103486787416,
        117.8,
        1
      ],
      "extras": "NonEditable"
    },
    {
      "name": "/forceset/bifemsh_r/geometrypath",
      "extras": "NonEditable",
      "mesh": 42,
      "children": [
        100,
        101,
        102,
        103
      ],
      "skin": 1
    },
    {
      "matrix": [
        0.9959209454076245,
        0.08777293447219013,
        -0.02091369103061488,
        0,
        -0.08777293447219013,
        0.8886945127578703,
        -0.4500199717436907,
        0,
        -0.02091369103061488,
        0.4500199717436907,
        0.8927735673502457,
        0,
        461.8002370586066,
        1012.2742485252501,
        56.300000000000004,
        1
      ],
      "extras": "NonEditable"
    },
    {
      "matrix": [
        0.9959209454076245,
        0.08777293447219013,
        -0.02091369103061488,
        0,
        -0.08777293447219013,
        0.8886945127578703,
        -0.4500199717436907,
        0,
        -0.02091369103061488,
        0.4500199717436907,
        0.8927735673502457,
        0,
        468.6462221113068,
        942.9591528486357,
        91.39999999999999,
        1
      ],
      "extras": "NonEditable"
    },
    {
      "matrix": [
        0.8310868769161894,
        0.5510674547658868,
        -0.07496174568099186,
        0,
        -0.5510674547658868,
        0.7978196966465216,
        -0.24455754320956694,
        0,
        -0.07496174568099186,
        0.24455754320956694,
        0.9667328197303322,
        0,
        468.6462221113068,
        942.9591528486357,
        91.39999999999999,
        1
      ],
      "extras": "NonEditable"
    },
    {
      "matrix": [
        0.8310868769161894,
        0.5510674547658868,
        -0.07496174568099186,
        0,
        -0.5510674547658868,
        0.7978196966465216,
        -0.24455754320956694,
        0,
        -0.07496174568099186,
        0.24455754320956694,
        0.9667328197303322,
        0,
        516.86736212286,
        873.1459658000357,
        112.8,
        1
      ],
      "extras": "NonEditable"
    },
    {
      "matrix": [
        0.6471433936999778,
        0.755343843490997,
        -0.10325263236704206,
        0,
        -0.755343843490997,
        0.6169296867709406,
        -0.22102814228273546,
        0,
        -0.10325263236704206,
        0.22102814228273546,
        0.9697862930709628,
        0,
        516.86736212286,
        873.1459658000357,
        112.8,
        1
      ],
      "extras": "NonEditable"
    },
    {
      "matrix": [
        0.6471433936999778,
        0.755343843490997,
        -0.10325263236704206,
        0,
        -0.755343843490997,
        0.6169296867709406,
        -0.22102814228273546,
        0,
        -0.10325263236704206,
        0.22102814228273546,
        0.9697862930709628,
        0,
        559.9267315302731,
        837.9770774719134,
        125.4,
        1
      ],
      "extras": "NonEditable"
    },
    {
      "name": "/forceset/glut_max_r/geometrypath",
      "extras": "NonEditable",
      "mesh": 43,
      "children": [
        105,
        106,
        107,
        108,
        109,
        110
      ],
      "skin": 2
    },
    {
      "matrix": [
        0.9224178702940871,
        0.38145280575315016,
        -0.060324369413781,
        0,
        -0.38145280575315016,
        0.875512357916886,
        -0.2966005194160387,
        0,
        -0.060324369413781,
        0.2966005194160387,
        0.953094487622799,
        0,
        521.614568351718,
        1092.3085897292476,
        28.9,
        1
      ],
      "extras": "NonEditable"
    },
    {
      "matrix": [
        0.9224178702940871,
        0.38145280575315016,
        -0.060324369413781,
        0,
        -0.38145280575315016,
        0.875512357916886,
        -0.2966005194160387,
        0,
        -0.060324369413781,
        0.2966005194160387,
        0.953094487622799,
        0,
        582.0604566653869,
        953.5728892553917,
        75.89999999999999,
        1
      ],
      "extras": "NonEditable"
    },
    {
      "matrix": [
        0.997484612064666,
        -0.07040189761969191,
        0.008247515125728664,
        0,
        0.07040189761969191,
        0.9704424589265291,
        -0.23083545378511133,
        0,
        0.008247515125728664,
        0.23083545378511133,
        0.972957846861863,
        0,
        582.0604566653869,
        953.5728892553917,
        75.89999999999999,
        1
      ],
      "extras": "NonEditable"
    },
    {
      "matrix": [
        0.997484612064666,
        -0.07040189761969191,
        0.008247515125728664,
        0,
        0.07040189761969191,
        0.9704424589265291,
        -0.23083545378511133,
        0,
        0.008247515125728664,
        0.23083545378511133,
        0.972957846861863,
        0,
        580.3220286646093,
        929.6098371107648,
        81.60000000000001,
        1
      ],
      "extras": "NonEditable"
    },
    {
      "matrix": [
        0.8548238501635845,
        -0.5176951142923107,
        0.03560833932348977,
        0,
        0.5176951142923107,
        0.8460899511670517,
        -0.12697859336127293,
        0,
        0.03560833932348977,
        0.12697859336127293,
        0.991266101003467,
        0,
        580.3220286646093,
        929.6098371107648,
        81.60000000000001,
        1
      ],
      "extras": "NonEditable"
    },
    {
      "matrix": [
        0.8548238501635845,
        -0.5176951142923107,
        0.03560833932348977,
        0,
        0.5176951142923107,
        0.8460899511670517,
        -0.12697859336127293,
        0,
        0.03560833932348977,
        0.12697859336127293,
        0.991266101003467,
        0,
        557.0829765271319,
        891.6293193400974,
        87.3,
        1
      ],
      "extras": "NonEditable"
    },
    {
      "matrix": [
        0.7318834380549175,
        -0.6719529886710793,
        0.11325111088602209,
        0,
        0.6719529886710793,
        0.68404672843925,
        -0.2838296220051098,
        0,
        0.11325111088602209,
        0.2838296220051098,
        0.9521632903843323,
        0,
        557.0829765271319,
        891.6293193400974,
        87.3,
        1
      ],
      "extras": "NonEditable"
    },
    {
      "matrix": [
        0.7318834380549175,
        -0.6719529886710793,
        0.11325111088602209,
        0,
        0.6719529886710793,
        0.68404672843925,
        -0.2838296220051098,
        0,
        0.11325111088602209,
        0.2838296220051098,
        0.9521632903843323,
        0,
        541.4577937364883,
        875.7229161401601,
        93.9,
        1
      ],
      "extras": "NonEditable"
    },
    {
      "name": "/forceset/iliopsoas_r/geometrypath",
      "extras": "NonEditable",
      "mesh": 44,
      "children": [
        112,
        113,
        114,
        115,
        116,
        117,
        118,
        119
      ],
      "skin": 3
    },
    {
      "matrix": [
        0.9203793673189338,
        0.390979375529398,
        0.006078496873493931,
        0,
        -0.390979375529398,
        0.9199153151882622,
        0.029848631337505108,
        0,
        0.006078496873493931,
        -0.029848631337505108,
        0.9995359478693283,
        0,
        572.8711676522197,
        978.4497252164316,
        96.8,
        1
      ],
      "extras": "NonEditable"
    },
    {
      "matrix": [
        0.9203793673189338,
        0.390979375529398,
        0.006078496873493931,
        0,
        -0.390979375529398,
        0.9199153151882622,
        0.029848631337505108,
        0,
        0.006078496873493931,
        -0.029848631337505108,
        0.9995359478693283,
        0,
        574.4299173704869,
        974.7822229691894,
        96.681,
        1
      ],
      "extras": "NonEditable"
    },
    {
      "matrix": [
        0.920379367318927,
        0.39097937552941414,
        0.006078496873494372,
        0,
        -0.39097937552941414,
        0.9199153151882553,
        0.02984863133750594,
        0,
        0.006078496873494372,
        -0.02984863133750594,
        0.9995359478693283,
        0,
        574.4299173704869,
        974.7822229691894,
        96.681,
        1
      ],
      "extras": "NonEditable"
    },
    {
      "matrix": [
        0.920379367318927,
        0.39097937552941414,
        0.006078496873494372,
        0,
        -0.39097937552941414,
        0.9199153151882553,
        0.02984863133750594,
        0,
        0.006078496873494372,
        -0.02984863133750594,
        0.9995359478693283,
        0,
        728.7461394789442,
        611.6995004922271,
        84.9,
        1
      ],
      "extras": "NonEditable"
    },
    {
      "name": "/forceset/rect_fem_r/geometrypath",
      "extras": "NonEditable",
      "mesh": 45,
      "children": [
        121,
        122,
        123,
        124
      ],
      "skin": 4
    },
    {
      "matrix": [
        0.7978255530311159,
        0.6008071053818523,
        0.05005206342673522,
        0,
        -0.6008071053818523,
        0.7854342291480364,
        0.14874102932718233,
        0,
        0.05005206342673522,
        -0.14874102932718233,
        0.9876086761169205,
        0,
        634.9450273575475,
        770.1091521229569,
        114.5,
        1
      ],
      "extras": "NonEditable"
    },
    {
      "matrix": [
        0.7978255530311159,
        0.6008071053818523,
        0.05005206342673522,
        0,
        -0.6008071053818523,
        0.7854342291480364,
        0.14874102932718233,
        0,
        0.05005206342673522,
        -0.14874102932718233,
        0.9876086761169205,
        0,
        645.0432347603662,
        756.9077807074691,
        112,
        1
      ],
      "extras": "NonEditable"
    },
    {
      "matrix": [
        0.8854189163446873,
        0.46305962677542045,
        0.04011389571717065,
        0,
        -0.46305962677542045,
        0.8713753711252279,
        0.16211336973544072,
        0,
        0.04011389571717065,
        -0.16211336973544072,
